Probleme Elasticite Lineaire
0.5  0.0101376  8.81167  0.133016  1.79448  0.65597  1.89557
0.25  0.0101376  8.65098  0.0741423  2.01872  0.276061  1.98486
0.125  0.0101376  8.53803  0.0272791  1.91949  0.131521  1.89456
0.0625  0.0101376  8.36081  0.0138424  1.90475  0.0639866  1.91514
0.03125  0.0101376  8.35402  0.0108104  1.90758  0.0267418  1.95396
0.015625  0.0101376  8.34761  0.01011  1.91823  0.0149451  1.94995
0.0078125  0.0101376  8.62775  0.00996628  1.97968  0.0111645  2.11289
0.00390625  0.0101376  8.88089  0.00997327  2.2454  0.0102089  2.10728
0.00195312  0.0101376  9.49331  0.0101117  2.05305  0.0100053  2.00503
0.000976562  0.0101376  8.61683  0.0101475  1.79703  0.0100053  1.82921
0.000488281  0.0101376  8.37943  0.0101537  1.79626  0.0100887  1.92096
0.000244141  0.0101376  8.47619  0.0101509  1.82202  0.0101313  1.93331
0.00012207  0.0101376  8.5303  0.0101475  1.89399  0.0101459  1.95746
6.10352e-05  0.0101376  8.63664  0.0101445  2.12765  0.0101476  2.10131
3.05176e-05  0.0101376  8.42842  0.010142  2.02843  0.0101462  2.12894
